# Created by Octave 4.0.0, Thu Dec 10 17:51:02 2015 JST <Shoichi@sho-mbp.local>
# name: v
# type: matrix
# rows: 10
# columns: 1
 3999
 3299
 3690
 2320
 5399
 2999
 3149
 1989
 2120
 2425


